1
3028.5180273021665,3066.1493133341446,3036.318147017832,8635.408622626277,233.2762938230384,76.32303704453042,48.71576879299854,71.34140233722871,
2
3029.1815101857874,2971.4845933278175,3037.7008964064844,9104.644797806948,233.26022537562602,81.60758566870749,48.438656055277235,74.44970784641069,
3
3029.623853211009,3265.6339559394355,3037.979619816024,10491.635141150171,233.26272954924872,101.01115046764068,46.64354294572157,84.3889816360601,
4
3031.964146655692,3546.2362104808867,3039.769334273197,11440.17992643884,233.24707846410683,113.79632532750742,46.74161966390088,92.31072621035058,
5
3033.6991623792615,3799.9367635524727,3042.2472472256723,12572.13001390612,233.2656510851419,128.22003132976943,47.16435605977037,100.24290484140234,
6
3036.968107702824,4017.355641189643,3045.377175826802,13914.572413115058,233.23622704507508,145.9810371021809,44.906181765383344,108.24958263772955,
7
3044.457563585049,4528.180627034752,3051.7184998255543,15552.40371731409,233.20513355592655,165.89851744467703,45.14158724059717,118.7984140233723,
8
3053.6286173086596,5334.170619240779,3059.5704250755302,17495.97155456369,233.13814691151924,193.65574615407476,43.32028190964177,132.2201585976628,
9
3274.6393850094905,31237.764962966783,3271.3103075612407,25191.22719510628,224.8361853088481,263.63742478145565,37.615943055569765,123.42487479131887,
10
3379.9528912536234,65752.98986034995,3369.3291245220903,27217.969814962315,216.970367278798,259.6977514921702,34.423597827542075,117.63835559265442,
11
3518.096513159773,76954.63733489679,3497.6703506784447,29674.43638588934,204.65692821368947,240.13732971408712,31.42519392733874,113.55509181969951,
12
3581.980009349164,91357.94527176725,3556.4956043908574,30783.508029777804,199.10183639398997,230.40213881818732,30.6157719277508,110.16485809682806,
13
3711.606069732422,149950.11445763422,3675.459966827297,32884.58674631434,189.1621452420701,210.9116042364468,28.992243738275437,106.3741652754591,
14
3896.5503177721216,249759.57797036212,3851.3394381840367,34869.61548261516,176.02858931552586,197.47626808960356,26.792812289194746,99.91819699499165,
15
4008.1189702783317,296242.3866241395,3954.0253303354484,36690.325944280594,169.72996661101837,190.77385502794928,25.763623893946296,98.28192821368948,
16
4173.250801683179,327686.8535469383,4105.49375494894,38636.61104029483,161.3232470784641,183.4467143402093,24.03491221059127,94.7886060100167,
