1
3674.3357883839963,9714.7379778445,5365.384722863539,0.9863140373589727,0.5909134151228841,0.5472108752827066,202.55321368948245,67.45287894314697,563,
2
3735.847359836491,10303.164522540186,6428.283718133564,0.9856763173156665,0.5689965530803545,0.4932008601059694,197.20137729549248,70.46560965381856,562,
3
3833.3900804799428,11672.763354283987,6978.079124771585,0.98431212368762,0.5751675747558482,0.5085798793733605,190.09578464106846,81.23151871460452,558,
4
3917.9911328167886,12487.109229994814,7143.676387967346,0.9840053988332149,0.5540702727897615,0.5160165744533851,184.09432387312185,89.45533481495883,560,
5
4036.856230569746,13679.344297747306,7368.918538361778,0.9833580677947917,0.5350730638566651,0.5269207022891575,177.27358096828047,98.1561042774264,559,
6
4191.54522126605,14887.134082691035,7909.566830636571,0.9818329135672177,0.5168856349368707,0.5094856395293749,167.91423205342238,112.78710780308782,557,
7
4601.275834952509,17181.925170398674,18692.127754330224,0.9788960569129613,0.47806020799408083,0.48889671888619096,148.22934056761267,130.16564927609315,558,
8
5031.4329573561035,20131.704375564615,29974.027473512037,0.976022714835998,0.4482575633071007,0.5066952215263117,132.1396076794658,164.89308028081925,558,
9
6960.913258340607,31174.549576262474,95673.99148077027,0.9629154262956261,0.34087887966885383,0.42454369090991945,89.7145242070117,246.43126888635877,557,
10
8206.234112715483,35023.537972942875,108784.07599476738,0.9553556686034997,0.31637071237082404,0.3524220896135651,76.07345575959933,245.1426176287204,558,
11
10360.832915236164,40810.44594423551,139406.3547363341,0.9442767379978135,0.2856091740007148,0.27130439700495135,61.692821368948245,227.11121032352978,562,
12
11302.520905337084,43436.32193481382,173663.82107030228,0.9413363232772111,0.2673449581853,0.2424372942597749,56.24520033388981,219.10075616784275,557,
13
13044.643176879512,48743.595479872005,256582.13732816797,0.9323156446249972,0.2503571293085067,0.19911921773646216,49.91548414023372,206.91717383818067,563,
14
15201.977500266095,55566.40981523073,301770.78762456507,0.9230827513359863,0.22419937224951184,0.1618416589511065,43.22662771285476,197.27766250656555,558,
15
17231.242125835943,60607.05912127458,325725.32646430883,0.9189553397489703,0.21097946850445798,0.1401700608590595,39.282762938230384,189.6413039068066,559,
