1
1032.7471503661443,2469.7290316955673,1883.3101798591201,0.9995231759062075,0.6858505538092439,0.7133701617360755,388.45784641068445,91.04121718977827,577,
2
1035.5145757784112,2633.782036948817,1974.0132833778543,0.9994963277027286,0.677537197585364,0.7081674794269116,388.44741235392326,98.92296564213122,577,
3
1038.205763330343,2787.3982769962618,2055.1141917736063,0.9994592771819268,0.6942097939865163,0.6919620078537505,388.43301335559266,111.24711563023644,583,
4
1039.734210272925,2894.85155038597,2130.2736514145495,0.9994694655402303,0.6614658185596691,0.6929020294840091,388.4267529215359,116.38430771500803,578,
5
1048.1912695582007,2988.336556288896,2240.876751174868,0.9992337522727004,0.6654724548374183,0.6774664524160516,388.34536727879805,129.0226433879073,579,
6
1048.355652709673,3218.5351530513794,2245.516701242428,0.9992944292125633,0.6357527311105426,0.6712387518912929,388.36894824707844,136.77693464583723,577,
7
1057.2692205149676,3481.537752325842,2473.603514360566,0.9992310674523531,0.6048666800855427,0.656714319485731,388.3443238731219,159.1070036155701,581,
8
1066.3305532220932,3918.28606802097,2576.159621646176,0.9988600252802698,0.5717102370206643,0.656057381998439,388.20012520868113,180.44511248032782,579,
9
1126.052301308297,4933.922645398479,3095.7965112566403,0.9976496024287508,0.48710411632415873,0.6163758429807972,386.9150667779633,253.79602305416637,579,
10
1137.829172504345,5750.119217768861,3192.1048247683575,0.9970965992049321,0.44054578687165247,0.6103029025688292,385.50333889816363,288.32277089468414,579,
11
1186.508445805073,6528.494017911089,3338.3128522266893,0.9959405404080811,0.3836660384193688,0.5862357670585538,381.63752086811354,313.8712877545085,577,
12
1224.2308792378942,6969.752330715937,3500.3279099419833,0.9953428407786812,0.3594062086836194,0.578990405914269,375.7220367278798,340.5249092314107,577,
13
1262.6987171571986,7975.50361907319,3699.7654997197633,0.9939937704468601,0.32240230169078676,0.5593101516341296,370.61143572621035,377.9836106128144,578,
14
1355.9467214723545,9569.148588805487,4078.007502668686,0.9920831846510229,0.2763265142117435,0.5360632407089455,349.27838063439066,435.7358200909578,578,
15
1419.3497038166267,10762.197282586969,4235.025185715215,0.9902588352414331,0.25205504848688326,0.5248838242563211,332.13689482470784,473.78065037017603,578,
16
1549.862435308895,12849.176409071055,5185.448040569668,0.9878465720326417,0.2253037496264619,0.5134106158161903,307.1573455759599,556.1122386079978,578,