1
52.17070116861435,20.008502430309843,
2
50.982470784641066,20.00095491623441,
3
48.12750417362271,19.999833256962336,
4
46.07303839732888,20.001449440102004,
5
43.52337228714524,20.000496378017154,
6
40.53631051752921,20.000698788184216,
7
36.86936560934892,19.99981481532935,
8
32.361018363939905,20.00091798566561,
9
20.943864774624373,20.00088766678788,
10
19.31156093489149,20.00058481937864,
11
17.849958263772955,20.001233852539993,
12
17.251878130217026,20.0086666349967,
13
16.586811352253758,19.998501042345858,
14
16.025041736227045,19.993434654676808,
15
15.661936560934892,20.00055048381055,
16
15.26523372287145,19.99988783543394,
