1
3028.5180273021665,3066.1493133341446,3036.318147017832,8635.408622626277,233.2762938230384,76.32303704453042,48.71576879299854,71.34140233722871,
2
3028.0906008718453,3052.0334672504423,3037.1268034014424,9081.898855297915,233.27608514190314,82.99905538963638,48.41055059280379,74.65254590984975,
3
3027.7130152715117,3278.3142877239734,3036.5530670406997,10457.9473162929,233.27065943238733,101.97561025557515,46.61548883039755,84.27858931552588,
4
3027.6618217470336,3637.7711829054097,3036.5787293205544,11450.545037850636,233.27879799666107,114.33619303134226,46.544541215154666,92.375,
5
3027.8038487411795,3794.0997984288033,3037.0510239248238,12541.714192577732,233.27879799666107,127.24812772939254,47.28270644160815,99.86644407345577,
6
3027.28472016596,4138.199174172057,3037.6712042363542,13945.202666395238,233.2760851419032,147.21931475255624,44.54034337497542,108.66089315525876,
7
3027.355120264216,4700.424958067524,3036.6776331374294,15480.182611502738,233.27879799666107,168.44919660710036,44.311332488261236,118.94532554257096,
8
3027.2686944355482,5902.675977305064,3035.231761727736,17535.86879769265,233.27337228714524,199.2634970085475,42.55966486523142,132.55154424040066,
9
3061.6581812913178,47078.54456080041,3063.688373436035,25258.97498187766,231.88772954924875,262.01068916752973,37.32386196856747,123.49979131886478,
10
3112.6303012401877,71635.17171842867,3113.086077969339,27056.052056273227,230.32220367278796,259.39387494138947,34.46989495767692,117.92570951585977,
11
3187.314492826718,82811.54595910838,3187.3834077445413,29593.94063211793,227.56782136894824,239.32464050430352,32.79365985557504,113.78923205342238,
12
3231.980669051654,97380.73917336352,3232.0186973959944,30857.113232397205,226.09432387312185,229.1483140432186,32.5063227408637,110.27817195325542,
13
3277.7324684919317,146686.1161017772,3277.2694874586855,32978.935403865755,223.7118113522538,210.20401422237947,31.82882604342454,106.26898998330552,
14
3322.6299803394836,250697.45926892286,3320.8174608115655,35109.47751647149,219.60830550918197,196.16100146991644,30.737596490492802,99.89691151919867,
15
3344.453749557835,298712.18939859676,3339.650835963754,36885.64618164231,217.09849749582636,189.49911091913083,30.233309765685004,97.94469949916528,
16
3374.5531243010346,335343.71343250596,3366.843580786446,38411.551857494946,212.7220367278798,181.51498268188257,28.98208422945553,94.91506677796328,
