1
3031.992008818402,3911.824923769654,233.27879799666107,89.10568124786263,
2
3032.1648964941874,4078.2025294106916,233.27608514190314,98.57028570881567,
3
3032.100888838355,4400.869545757381,233.2760851419032,121.3651947948584,
4
3032.760325593716,4614.915904564659,233.27879799666107,135.03261052494088,
5
3032.712676820915,5002.25528159827,233.27608514190314,149.14098935229873,
6
3033.5753612518542,5275.431136992924,233.27107679465774,168.08753863211356,
7
3033.476821119118,6163.331896333559,233.27879799666107,186.35176645354528,
8
3033.40958423158,7221.410102284184,233.26544240400668,221.42566422259418,
9
3139.3352501246804,72449.48396765864,229.99624373956593,258.83712390341225,
10
3219.523151635249,78377.32652227988,227.0310934891486,244.75850014470748,
11
3282.6339636000534,111825.59147527274,223.06803005008348,221.2205744710427,
12
3304.8995552735037,163226.02921959653,221.39586811352257,211.95426126906762,
13
3325.930398398001,241039.64382793175,218.55884808013357,200.1734820062851,
14
3358.0997186624454,288865.08644214756,214.32282971619367,189.99488644997666,
15
3372.559763520214,314512.595363069,212.16110183639398,183.35944626519404,
16
3387.735146369755,335175.67252486537,209.40254590984975,175.74594074719366,
