1
1229.7942712253962,7934.133095238216,106697.97810235881,0.9974864328155316,0.6220584701412288,0.73842468504269,174574.25,361836.34814814816,459,
2
1281.2115709800262,8090.810606447694,127577.41514614363,0.9973890750202912,0.6119497734923903,0.7027748090818426,174548.375,364289.0625,460,
3
1282.0145703653147,8381.955328441518,170277.70752398504,0.9968514736504904,0.6080706241560565,0.7021832982468639,174466.0,379212.2631578947,459,
4
1287.4359621453987,8053.470934005783,165433.09204182605,0.996632043212818,0.597910476207308,0.7052930014887895,174431.125,379945.9365079365,458,
5
1342.1277433438418,8560.961069040372,288672.1202361512,0.995488608737066,0.5765206979613522,0.6019564120426113,174023.5,384950.88095238095,458,
6
1303.5846983769345,8829.986392907069,182293.13854361937,0.9962567246340576,0.5664540902280034,0.6552884881539132,174367.75,378163.11392405065,458,
