1
1127.0338447664017,5478.785358599159,6016.663071669476,0.9980106563358517,0.6741298396592071,0.638039063675436,155.25646911519198,78.60595800789439,460,
2
1137.092209358146,5483.940368972744,6076.813758573447,0.997948950463599,0.6729174923045579,0.6309854459948008,155.24686978297166,85.44686926452769,461,
3
1164.4868599248714,5579.60538612274,6503.332311622903,0.9977893200549457,0.7038174442269381,0.6384952093716897,155.2220367278798,96.25537782281886,461,
4
1202.4136081659074,5748.155329321388,6472.626138451661,0.9971880152566268,0.6660207331163759,0.6323381027355567,155.10955759599335,107.03961411131642,463,
5
1235.7910174142166,6197.608464936311,5948.453804604744,0.9966742153080004,0.6603406149639858,0.605471578352499,155.0310934891486,120.00250794857077,461,
6
1356.3776472292031,6568.899337685549,5500.514615600678,0.9954755749538353,0.6649486570770033,0.6201973934542954,154.686143572621,156.84800722964073,460,
7
1374.3910828151813,8624.634523465267,11354.184526291758,0.9939272587119379,0.6000009177570823,0.5559472834234075,154.4484557595993,244.07557591462108,460,
8
1360.018064271988,9042.862015597788,8976.573731907154,0.9931807488023228,0.5567789030475544,0.5780633360158526,152.84682804674458,238.11962454423073,460,
9
1705.6028794737406,15738.370683435953,239725.27415142974,0.9864160337704923,0.4032460874939327,0.42730261459997615,148.33889816360602,497.48504717073877,457,
10
1879.0857412178875,17795.566521714212,270855.3372550098,0.9831286134894033,0.35582341720438004,0.3713216423204278,143.89232053422373,562.6633032396333,458,
11
1989.666562031271,15171.954879851133,174359.6978629937,0.9822161848272337,0.37662785472737254,0.41498068675959676,138.36540066777962,523.1493134668996,458,
12
2134.2340751821284,18370.684920531865,295920.642570567,0.9796956088961751,0.3029737302434484,0.2815301176405721,134.5313021702838,547.8712874385756,457,
13
2334.54673905927,16938.24280685875,292506.3559483951,0.9733094877675588,0.31274387707392987,0.26960986068300763,128.6752921535893,556.1721753157493,454,
14
3108.6571572289854,18150.18793876844,307105.0199405894,0.9517800113756579,0.23869663341174047,0.22279803865330822,98.82324707846408,528.2200737814114,458,
15
3323.6344627448607,18792.59219096822,311476.387527501,0.9300189080343014,0.20943316170396886,0.1996951730207855,72.67111853088481,511.8194872832524,456,
16
3533.516842127742,18106.438563442327,311922.88072051364,0.9091540606295111,0.18769169548718162,0.18222132449474254,59.811978297161936,503.56476774954837,457,
