1
1075.5144997382379,2981.0558084714207,1657.2008967916183,0.999218180314685,0.6173438305024908,0.5175253913077478,388.3393155258765,85.91745818984377,578,
2
1079.5602598537646,3114.193345663875,1584.3714320933364,0.9991677056921436,0.6027916813689729,0.5551717437687029,388.31969949916527,92.79026023204119,577,
3
1091.3010853458504,3476.3947726489414,1740.2740996328564,0.9989566788127977,0.6070803061279159,0.524341012877025,388.2376878130217,102.25168788226229,581,
4
1099.4509247289845,3693.2172010847376,1818.9370733119501,0.9987531694304252,0.5778732718253864,0.5558337598737519,388.1585976627713,115.00957231641037,579,
5
1111.2293679684187,3981.070490772141,1849.7411675787919,0.9987413562208934,0.5655771870511059,0.5542637869503054,388.1540066777963,122.6729995819622,577,
6
1122.5383198292088,4284.630986921304,1920.891220910504,0.998351520306374,0.5474385348073418,0.5556639264159605,388.0025041736227,140.8123453511717,577,
7
1141.9334746317172,4659.903367133392,2040.7488939807768,0.9980212874035794,0.5110196937487114,0.534993749455095,387.87416527545906,158.85938811364926,578,
8
1164.3923970727976,5160.513557664879,2350.9502096204183,0.9975872299864462,0.4857680438221594,0.550261921172362,387.67487479131887,190.47405111943792,580,
9
1253.2790026530695,6960.707989592553,3185.6759239352446,0.99453118366452,0.3956402603082303,0.5712071712123785,383.7589732888147,299.0429094937616,577,
10
1290.845911828239,7672.930535776536,3446.924396462733,0.993584128594052,0.3690616797685237,0.5546579284153361,377.7984140233723,336.94985928987563,581,
11
1367.257692928269,8759.39336844086,4086.351873738877,0.9906216761124755,0.3306594903630565,0.5497498339286241,364.62082637729543,407.94961950107376,580,
12
1415.3082048991366,9253.957785770654,4541.912132498092,0.9897564090215297,0.3094549778155544,0.5480983917708039,358.1099749582638,445.3758698615584,578,
13
1503.3876370582068,10269.03481494492,5132.037715378634,0.9872051596237746,0.28308709417188177,0.5269493278608164,341.9830968280467,494.9551264018584,579,
14
1628.688552749501,11615.362367591059,5957.47282969294,0.9847721183759813,0.24989035315557878,0.5155841752715894,319.79403171953254,567.6277475904999,577,
