1
3932.7562873594848,2248.5335275797947,150.3754173622704,105.34937926295588,
2
4029.727543876303,2256.3692337233074,145.88021702838063,113.61059124552985,
3
4251.627553723833,2342.0672741372077,135.64628547579298,135.13058610904437,
4
4422.97942248411,2464.411319304913,128.52253756260433,146.9635730954825,
5
4661.380646436144,2649.4225219204445,119.97391485809682,161.91621824062955,
6
4999.440342541121,2877.222884538073,109.00292153589315,180.80919640804538,
7
5579.902336954639,3180.3059962109696,95.70221202003339,201.57690216320404,
8
6550.4763630604575,3862.3617376726843,79.82136894824708,237.0614570783028,
9
14927.92753891648,13886.278416085677,35.173622704507515,289.2834974504705,
10
19152.568004960925,21138.76072218653,27.92049248747913,271.86046868570463,
11
25431.0624143681,44135.747410617536,22.092237061769616,242.24419106756667,
12
28056.64758084555,89397.14133292969,19.852879799666113,229.7514143255649,
13
31970.755889755,214222.45186811776,17.72245409015025,214.17484965355825,
14
35797.51133376205,291680.2893489972,16.068238731218695,202.8935640501488,
15
38718.72720649813,322462.9319674694,14.95617696160267,195.56289113514347,
16
42876.74912328665,343478.4147344808,13.9580550918197,187.78756672979026,