1
3028.509609190205,7167.4386432911815,2385.8928056180193,3029.0243433083106,8302.529332457085,3097.9365684808117,6592.163084654965,233.2762938230384,50.28488543229572,76.79065284262232,226.83282061303547,71.31636060100168,7.000538696607126,2.4200332345996314,14.691938351362179,3.6497041248055364,4.12234252020882,
2
3028.0886871413604,6850.114782621337,2424.8338173135876,3028.5902119310467,8924.769547973841,2368.3037591789625,6932.849972921261,233.27608514190314,55.05549614306768,83.59334708703162,224.1278207600128,74.63919031719533,8.571016342696106,2.663314115380285,15.24501702724359,4.027337492348368,4.563202325007429,
3
3027.7122868828246,7570.0003209408305,2584.771075256535,3028.099586747077,10171.864163985509,2619.116147991996,7871.121798044586,233.27065943238733,65.58746262359125,102.75491547435416,219.15950202229698,84.24290484140234,10.492935185646802,3.2317699069837693,16.521853715945515,5.455802307859787,5.396940950756768,
4
3027.6588635144767,8863.023488062065,2866.062594503766,3028.0999017293775,11266.403531011136,2635.208272985248,8546.287661999926,233.27879799666107,73.71041428529463,115.6983041299685,217.75260383921128,92.35016694490818,11.868639798000894,3.62585290501573,17.475304236778847,6.822602108711229,5.786734383087338,
5
3027.800866856969,9086.856206821352,2969.2447342274695,3028.204970071563,12862.830696825009,2467.11893365217,9270.573333332075,233.27879799666107,80.45029969246158,128.65710890982362,217.60123045372072,99.83931552587647,11.976898047355549,4.07031524239754,18.641219701522434,6.412730472343319,6.607293332258871,
6
3027.2823647039486,9988.683405677264,3129.2236051714035,3027.6288115036377,13179.140029775468,3327.5418234811036,10469.937909015012,233.2760851419032,89.67020915214361,149.83148991917147,209.59798156145004,108.64753756260434,14.095814991394404,4.310239815525321,19.731952373798077,7.839513476964687,7.234890928163984,
7
3027.352259751566,11169.486946271383,3658.080285349459,3027.692295321797,14183.924735697368,3795.474659034901,11693.412363232133,233.27879799666107,98.23802018650619,171.79255633595912,204.10447534339295,118.91026711185309,16.878266782990526,4.549336294905925,21.42644481169872,8.134609907040575,8.358454896475465,
8
3027.266980044044,13365.903408217291,4327.953723686132,3027.6001606878385,18152.84420678163,5171.984567909222,13820.28067422344,233.27337228714524,110.9169727232131,204.24158426411586,199.76099859870675,132.5198247078464,18.46602135766692,4.98372816523902,23.200320512820515,9.704638850838547,9.485679673722926,
9
3061.806930890916,21635.347760918554,34337.54136937506,3062.1726867591906,24908.77127754515,9412.289611240136,50711.29394800779,231.88772954924875,111.72181996460576,269.4185577053581,179.8418478335415,123.46869782971619,24.804482342255536,4.521628249040425,28.766144581330128,12.470425943204596,11.390964753967918,
10
3113.804809398433,26223.96845217026,56484.181261502636,3114.197856521542,28764.945067064935,16857.500693210808,83546.9477278096,230.32220367278796,106.54795867555077,266.5870483429829,169.8354416859425,117.87771285475793,27.067264091073906,3.9411935031970646,30.763388998158426,12.880930656934307,10.872108175230885,
11
3189.4653478799696,35583.09549487731,67551.71930051091,3190.2347656725765,31063.57914456751,32319.41045800628,101234.2113666481,227.56782136894824,100.1923771841476,245.98647487713404,163.42200544729738,113.74040066777962,26.533868039403924,3.404820223383703,33.99750402374006,11.379826502113191,10.27392820071575,
12
3233.9841609705654,39452.142142914025,80460.59668305078,3235.0778450393573,31843.87065721534,50096.39828119253,105982.12837454131,226.09432387312185,96.33231206304093,235.44583310726907,161.87108693730568,110.2270450751252,26.348262606437533,3.0996888356957193,36.179229765753504,10.913025252986667,9.771959595169546,
13
3279.8350838531187,50443.25801080729,138091.75878669138,3281.572717811997,33848.078797539114,143732.3867700166,112197.65259555589,223.7118113522538,92.1212745226977,215.78351112272662,159.15866263286495,106.21118530884809,24.884885397220074,2.8242931775782516,39.64512452271043,9.705306553533664,9.199396064116032,
14
3325.195522832223,74258.53563532747,257874.9715659199,3326.9692948472966,38154.570633383984,273867.377552296,125150.78099013922,219.60830550918197,86.98714772430773,201.19081811799077,153.11684414139958,99.86623539232053,25.430343930826627,2.5610149402348332,44.796351201644455,9.292441643213074,8.52114907911943,
15
3347.232956719632,89351.50724264687,310517.246389571,3348.806786912899,39971.12655465306,325410.4518198817,136950.26424526362,217.09849749582636,84.47830545968391,194.18845911463498,151.77862116512281,97.8841819699499,25.15429147731386,2.39096592158297,49.01553832658222,9.030456630521785,8.10631021306636,
16
3378.3149688844974,146755.97511824683,341136.45132167643,3380.096405809634,43429.72186666035,378625.06053221336,156483.9376463984,212.7220367278798,81.7755248830393,185.75568221422844,146.45903805986921,94.84411519198663,25.594969857014586,2.2362266328260865,54.1697893877551,8.734459912505685,7.747618251149647,
