1
1026.592661636991,2580.306104148141,1891.6643014002104,0.9997970275816964,0.6941654758617659,0.7051222010014856,388.5642737896494,96.36192819139433,672,
2
1027.3264303310334,2733.7081734220224,2039.764803491362,0.9997970275816964,0.670436243153283,0.6969707956345992,388.5642737896494,103.81430262823946,681,
3
1028.9346890550498,2869.4741497239734,2007.7879836477944,0.9997970275816964,0.6930326881667105,0.7013302984619738,388.5642737896494,113.51857944683212,678,
4
1031.3880775734199,3111.360761078056,2120.8274400710143,0.9997787708033307,0.6636991959221211,0.6844646957680424,388.5571786310517,125.13981623480899,674,
5
1034.5405692915972,3181.0087203065923,2215.166861584559,0.9997594400968256,0.6662138264404338,0.6783753037075759,388.5496661101836,133.21762196710057,674,
6
1034.8576839582572,3386.3892038738463,2277.51272457493,0.9997836034799568,0.6356551982116367,0.6664463611335836,388.55905676126883,140.15927882780403,678,
7
1039.1277287622852,3662.836149711749,2429.7576095675213,0.9997717902704262,0.6032791715961491,0.6579282582785764,388.5544657762938,158.66234669577113,676,
8
1045.512851208541,4146.995526797131,2546.5144535832687,0.999709502438354,0.5665662378706571,0.6572974263133123,388.5302587646077,181.37259146374058,674,
