1
3064.304773431156,8650.789552281922,2526.837163063026,0.9998003589246002,0.6206214501946105,0.787278507643861,194.39524207011686,106.73705811154642,653,
2
3077.624056695058,9194.82856698699,2632.7726868590294,0.999718785151856,0.5968576306576537,0.7857671161038874,194.37938230383978,116.9688604514347,656,
3
3108.3742784288897,10537.654679091627,2911.7815726905687,0.9996683382134485,0.6027720069174455,0.7884987975670329,194.36957429048414,138.63902667282048,649,
4
3142.033352486026,11515.89063291646,3233.8530473447745,0.9991692355249479,0.580968454987875,0.79250064808501,194.27253756260433,153.11205728129536,651,
5
3196.320791851464,12721.072413515889,3701.323661377529,0.9984479516396323,0.5600624474364658,0.779050174670424,194.13230383973288,168.20834480693506,653,
6
3291.731863460339,14037.896889530393,4003.767368253145,0.9968209591233937,0.5392588010269114,0.76435766896242,193.76210350584307,187.77414351654906,652,
7
3425.75533891801,15880.863459622471,4748.963028096979,0.993680646981373,0.501787269880176,0.734294568059682,192.9572203672788,207.6827907196589,657,
8
3633.932698843698,18442.394642132087,5957.930178987162,0.989659637604213,0.46823256637542615,0.7150153962993684,185.9760016694491,241.3421788823776,651,
9
4867.2280172075625,26309.321557332943,68913.27441357753,0.9806704956178328,0.29320594444452275,0.4876605611204528,130.3520450751252,273.82444853812996,655,
10
5513.052232909554,28824.146760371124,87257.85666492858,0.9768878037587401,0.26543410505753934,0.38446945070481564,113.73267946577629,258.2962167866527,654,
11
6559.025533799162,32047.11221664954,115282.9741531007,0.9723296922054818,0.230689854698086,0.2914328892336338,95.61957429048414,233.54612593850806,650,
12
7192.564084890731,33369.20085835028,163273.59901455583,0.9704341678182213,0.21372408642892018,0.25435309658174216,88.23330550918196,223.4085061973591,651,
15
10326.683478157209,40567.513949956934,327654.4689039288,0.9525714530207093,0.153573745664202,0.1429520128871583,65.05530050083473,192.61355102899944,648,