1
1803.46712577287,5324.042247356907,2359.23123253954,0.9998068047654824,0.6164133383759866,0.8000185788577402,272.1585976627713,121.22188101909474,662,
2
1806.8050709187078,5654.281566404417,2759.8469597146704,0.9998052714699704,0.5953729938149842,0.7897602497167041,272.1581803005008,130.8103152061742,662,
3
1818.2935776178538,6416.844720213681,2650.1775233949734,0.9998052714699704,0.5966445707592387,0.7843810474236789,272.1581803005008,151.98886726541934,659,
4
1829.9885634954514,7028.532027148391,2986.4039671966816,0.9998060381177265,0.5740707402889631,0.8014994258994304,272.15838898163605,167.45440406388553,662,
5
1842.63996081956,7739.313939412715,3320.3475178681024,0.9997569700528842,0.5548745914279931,0.7809249799211038,272.14211185308847,182.3249036461995,660,
6
1880.0184572672965,8635.561318255175,3887.765648088864,0.9997017740229078,0.531093634342559,0.7591984099969821,272.1300083472454,205.53362996516682,664,
7
1925.5443404792015,9914.481390068051,4453.330578163835,0.999406614636841,0.48499726311483843,0.7210390417996017,272.0496661101837,225.16803947607403,666,
8
2104.8588001988965,11933.87859976463,8828.803511508015,0.9960191229481667,0.4206058891070204,0.7074392020782578,270.784223706177,258.03915151637995,663,
9
2773.0174623112766,17184.564172632454,82210.89302630143,0.9891697326196827,0.30301179964359126,0.45383724407405557,207.26627712854759,286.9632398994282,660,
10
3019.2520680910347,18886.235534451436,92872.25879168537,0.987197349799876,0.2736059020243731,0.3691030297114934,187.94031719532552,271.19945436468754,664,
11
3437.400472871541,21349.887554510446,130751.26856993056,0.9842369488037959,0.23865968692896578,0.27508985385180124,162.9250834724541,244.9171253534542,662,
12
3720.1481091417586,22547.493363981288,184154.89831316253,0.9825465206481315,0.2196806646576979,0.2373004542188676,150.93489148580971,233.59991471913162,661,
13
4142.301325283505,24558.441314177984,261977.14727986747,0.9807834963615095,0.19717886267437715,0.19783287123884116,136.3098914858097,220.9458390888593,660,
14
4858.513838078771,27136.5037135459,313382.75371097523,0.9763305862572542,0.17090300086227173,0.15616932533779365,118.28297161936561,208.04086169206676,662,
