1
1254.2876228787022,7006.797547491034,6574.058093934282,0.9966678828983521,0.660941149733253,0.6083848223183085,155.0475792988314,164.24086067370018,463,
2
1241.343732388919,7006.217271228954,8169.730952622048,0.9968516590831048,0.6604748291907291,0.5922296055557102,155.07616861435727,168.73213443342868,459,
3
1344.5351677167705,7735.224445905718,7918.65766147184,0.9962828919127745,0.6522189829638629,0.6086211744634027,154.9876878130217,214.92807741383723,458,
4
1390.6001340662606,7523.850771873159,7917.096928993492,0.996097774296016,0.6514588878598584,0.6266597713123572,154.95888981636062,224.12306970789945,460,
5
1478.1198123394217,8542.382620037139,12308.951458395932,0.9955261084391852,0.6059092187990528,0.5919519979117172,154.7696160267112,244.41220559062387,459,
6
1490.1128333133524,9012.647650813939,18609.97848354845,0.9946393303865315,0.6113665416791433,0.5739892911174418,154.49081803005006,276.03347248762515,458,
7
1381.7510275078319,7851.748570430206,8280.307368149886,0.9935884516890088,0.6360298712274253,0.5910567862959827,154.32178631051752,237.97918038194584,461,
8
1430.9281652272068,12375.339304084404,149759.33518300188,0.9926613923535123,0.4848120748018443,0.47636873158993853,152.59724540901502,327.93725492696643,458,
9
1677.929554623454,14783.959791215417,213315.9528631443,0.986486131522077,0.4260916990333409,0.4554078791362118,148.90567612687815,492.98282666009806,460,
10
1878.3007281859625,15852.803711700011,236732.5365832537,0.9835278882778477,0.4023889473091717,0.4038989490742956,143.2783806343907,548.8188271703119,459,
11
2040.6598543032653,16446.538473858855,264788.00329860346,0.9796697207144408,0.3682151769730015,0.3390160060856038,136.87040901502502,579.8197412019996,456,
12
2147.334328400814,18700.44794195815,302197.9808486932,0.9781614682314422,0.30647339576543836,0.27701620011197586,135.97954924874793,540.3101103789269,456,
13
2367.6403156387278,18477.49819652807,297228.3522234403,0.9729533591540359,0.27993482245481954,0.256003792881039,127.85788814691152,550.1282535809349,456,
14
3060.3016488318303,17706.190865308603,314175.1409173942,0.950143334277242,0.24154500297531156,0.21817199485828187,102.22725375626042,519.5657669479903,456,
15
3522.3263375804618,18597.642681524256,310664.9559064323,0.9240684983063514,0.20947506985082007,0.2030668011008905,71.7310100166945,518.1615432114128,456,
16
3533.584893555485,17825.327209554365,310922.1484917508,0.9033941224745291,0.1909713177775001,0.1893928725627969,59.03714524207012,508.4908005847162,455,
